nan nan nan nan nan nan
nan nan nan nan nan nan
nan nan nan nan nan nan
6.453281578219121073e-01 8.821749348915773892e-01 -8.850961596726187874e-01 -7.960196343031210597e-01 -9.355253621914538797e-01 9.532025486786405155e-01
6.260566528796680519e-01 -8.809006002629099497e-01 -8.826525808774050574e-01 -7.942627037447016480e-01 -9.355109789101064832e-01 -9.526632140362156775e-01
-6.235521585399047551e-01 -8.809006002629097276e-01 8.797471619361864059e-01 7.935564203708483921e-01 -9.348966923607598956e-01 9.523961418873181373e-01
6.208026572658085218e-01 -8.805069135554287607e-01 -8.795812372131749379e-01 7.892293177539491111e-01 -9.348844805492757537e-01 9.523169536313522698e-01
6.194412103969040295e-01 8.803073039919255827e-01 8.784078922450854199e-01 -7.887919654141709591e-01 9.344872082523603130e-01 -9.519426953398076874e-01
-6.181980284893876521e-01 -8.798066159375438344e-01 8.781117223653797099e-01 -7.887403881547597750e-01 9.336126179620017895e-01 9.519174445382490024e-01
6.152457777836461972e-01 8.796557531837621013e-01 8.781028179290948366e-01 7.874936944521058191e-01 9.336126179620017895e-01 -9.518970820746458505e-01
6.143109057858232580e-01 -8.796434474077777788e-01 8.780194542789209189e-01 7.865336969250328325e-01 -9.332517948286491727e-01 9.518660207443503385e-01
6.141661571444837486e-01 8.790921278028788199e-01 -8.777166974133663313e-01 7.843866219529840311e-01 -9.332517948286491727e-01 9.515825589342726820e-01
6.135572870085691521e-01 8.790921278028787089e-01 -8.776473833792545198e-01 -7.841913216712854684e-01 9.331828103325412460e-01 9.513873184664268789e-01
6.133559907641570330e-01 8.785773931807820958e-01 -8.768716632554267587e-01 -7.830410250667391159e-01 9.331828103325410240e-01 -9.513773386427754053e-01
-6.130754109719180889e-01 8.780990130557477791e-01 8.768595334155756538e-01 7.826513020058537551e-01 9.328887518701407533e-01 -9.512463829390459535e-01
6.129801912371110051e-01 8.780686569525738561e-01 8.768322297193795745e-01 -7.825051383345585920e-01 -9.322082773938120681e-01 9.511119278376876096e-01
6.121603559167725361e-01 -8.779622357573915181e-01 8.767843509810915315e-01 7.818689530460609660e-01 -9.321053703304548188e-01 -9.510998209882671750e-01
6.110556667702788936e-01 -8.778945054634328393e-01 -8.766286427063603170e-01 7.817482836553399927e-01 9.321047309216173860e-01 9.510543777163652512e-01
6.098897467967463459e-01 8.778243281288180544e-01 8.765905667332603013e-01 7.816666208918273684e-01 9.317292283827256494e-01 9.510478444656783603e-01
-6.094001933642275715e-01 -8.776937723677059600e-01 8.765831346342060071e-01 7.812326590756435429e-01 -9.315208248902431265e-01 9.509879235088193328e-01
6.088678127106412763e-01 8.776888724134171982e-01 8.763000821769729720e-01 -7.799327026857838518e-01 9.314811063246244416e-01 9.509874380116636328e-01
-6.083348703962994097e-01 8.776464294243703224e-01 8.762077113862127842e-01 -7.798150374716086297e-01 -9.314687781238839559e-01 9.509440093600201038e-01
-6.081933180114226234e-01 8.773632514638511903e-01 8.761705961649846053e-01 -7.797599558685004428e-01 9.311497104018344739e-01 -9.509034590698225431e-01
-6.079230774370067980e-01 -8.772614903451514401e-01 8.760276265634060477e-01 -7.797436730541391636e-01 9.311181620152898519e-01 -9.508881824983266284e-01
-6.072521186608539345e-01 8.772398779629048127e-01 -8.759444686837184468e-01 -7.795104549874378730e-01 -9.310734215504795630e-01 9.508383053281572739e-01
-6.068878227548454296e-01 -8.766598187446882351e-01 -8.758826326784087124e-01 -7.792219369529161943e-01 -9.309054463768414722e-01 -9.507791662571722924e-01
6.065004248413055077e-01 8.765933029211738781e-01 8.755431643966407051e-01 7.790952931179988550e-01 -9.308675543152308274e-01 -9.507480825991420081e-01
6.064616052667519686e-01 -8.765788618951957378e-01 -8.755114898085379904e-01 -7.785282439407624766e-01 -9.308605203288622398e-01 9.507371071124437467e-01
6.058895663505132756e-01 -8.765788618951956268e-01 8.753865851524181840e-01 7.784206993676986430e-01 9.307924911455291994e-01 -9.506213785928876447e-01
6.055649811931821391e-01 8.765683323117720027e-01 8.752090696903188638e-01 7.783329236600010637e-01 -9.307764919298218143e-01 9.506007860062393178e-01
-6.053249584333120215e-01 8.765261201062004570e-01 8.752011543009878825e-01 -7.780031513456223680e-01 9.307304665012282596e-01 -9.505907333847323226e-01
6.050185128720143579e-01 8.765155071274971510e-01 -8.751512043751472625e-01 -7.779926376850353487e-01 -9.306287771700866296e-01 9.505835513599201203e-01
-6.049922897742978645e-01 8.764488904434081240e-01 8.750254367347334306e-01 7.772634937226380325e-01 -9.305972323558558967e-01 9.505549474420662559e-01
-6.049779270847314150e-01 8.763442374184698958e-01 8.749826323609662948e-01 7.766408119368559682e-01 9.305966668305586387e-01 -9.505413419097443750e-01
-6.046296503171747494e-01 8.762795064829053127e-01 8.748785106839168657e-01 -7.763778798031001349e-01 9.305649931235793204e-01 -9.505151379358548480e-01
6.037361368540224982e-01 -8.762190569877721380e-01 8.748523234255406456e-01 -7.759584256650299272e-01 9.305558601626285897e-01 -9.505081796834935481e-01
-6.035916980015099131e-01 -8.761365028447405390e-01 8.745565527575305254e-01 7.753003329072857275e-01 -9.305477997289549608e-01 9.504974788363951266e-01
6.034320999357871695e-01 8.760470859965235890e-01 8.743660284350586176e-01 7.745682660220980509e-01 9.305368868450976105e-01 -9.504970137010748665e-01
6.032067760700531300e-01 8.760055933518425819e-01 8.743465352738576390e-01 7.742847755391484288e-01 -9.305354528935704250e-01 9.504689719869359177e-01
6.028183292084845490e-01 -8.756859111227167647e-01 -8.743380170833409126e-01 -7.742846585365873446e-01 9.305232358486145161e-01 -9.504542349979075988e-01
-6.019716158588966914e-01 -8.752360197553311627e-01 8.743222626363851280e-01 7.731813655397380414e-01 9.305141901892008960e-01 9.504238428270566086e-01
6.016106979149712375e-01 8.752334912231405362e-01 8.742857144926199364e-01 7.728094178753289745e-01 -9.304727503226052354e-01 -9.504206784157943622e-01
6.016106979149711265e-01 8.751784359923190371e-01 8.742799609178516507e-01 -7.726273268751185919e-01 9.304461205730834017e-01 -9.503910868084196606e-01
-6.013978242089567106e-01 8.751784359923188150e-01 8.742181496551528763e-01 -7.724033129129783681e-01 9.304440708448646902e-01 9.503797706770472642e-01
6.007124654210337367e-01 -8.751623001350015141e-01 -8.741891613735102151e-01 7.721583113733154757e-01 -9.304401546262403011e-01 9.503332207599870518e-01
6.006205553848297241e-01 -8.750591857756708780e-01 8.741851854277898903e-01 7.720512943617786616e-01 9.303725888002946087e-01 9.503327718042241523e-01
6.000634504068073083e-01 -8.750018431428581156e-01 8.741733278962029452e-01 7.718331145034207363e-01 -9.302124748088058670e-01 9.503072515369230810e-01
-5.999444452586299992e-01 8.749652186436445156e-01 8.741428864535202292e-01 7.717049717812298759e-01 -9.301843545144049541e-01 9.502853909506878693e-01
5.998698074660757662e-01 -8.749601761068813710e-01 8.740787965057876807e-01 7.717005971376231788e-01 9.301585033862923568e-01 9.502755661832479328e-01
-5.995460380282463531e-01 -8.749577871153588760e-01 8.740662538221370959e-01 -7.716362617346773645e-01 9.301290867376739158e-01 -9.502272161023888053e-01
